RamanShift,CorrectedData
30.1047,6780.969891164988
32.3739,6335.159819119743
34.6426,5885.899679264797
36.9109,5435.289340438855
39.1787,4996.528612621622
41.4461,4559.217251439907
43.7131,4116.354962555232
45.9796,3675.341406036946
48.2456,3235.8762007908435
50.5112,2799.158928969301
52.7764,2353.889140365934
55.0411,1930.5163567827676
57.3054,1492.690076482933
59.5692,1063.8097784243982
61.8326,635.4249266382302
64.0955,207.78497451739747
66.3579,-206.36063089938057
68.6199,-612.4124446512337
70.8815,-969.7189602345902
73.1426,-1227.8225531455553
75.4032,-1153.205911387825
77.6634,-250.1894570177892
79.9231,2709.767908435214
82.1824,10111.459782834525
84.4412,29448.729736945796
86.6995,57173.8712404201
88.9574,59388.477468421195
91.2148,58894.691024374144
93.4717,58415.05391781923
95.7282,57942.25756934982
97.9842,57478.44281540876
100.2398,57010.19991301631
102.4949,56547.5185444083
104.7495,56088.4878217186
107.0036,55630.096291605856
109.2573,55173.031939843866
111.5105,54710.18219590547
113.7632,54257.083937533185
116.0154,53788.27349536771
118.2672,53341.88665747894
120.5185,52885.70867405401
122.7693,52430.92426186119
125.0197,51973.81760881168
127.2696,51527.27237850743
129.519,51067.52171481222
131.7679,50613.39824631711
134.0163,50158.18409093796
136.2642,49712.810860456644
138.5117,49260.35966507321
140.7587,48816.11111785959
143.0052,48365.795339284145
145.2512,47919.541961654104
147.4967,47483.930133618785
149.7417,47042.738524632034
151.9863,46601.44532930845
154.2304,46157.228271835236
156.4739,45714.96461038513
158.717,45283.23114155863
160.9596,44839.70420480655
163.2017,44405.65968674744
165.4433,43974.72302560277
167.6844,43545.36921553742
169.925,43114.5728109691
172.1651,42685.057930861774
174.4047,42256.448263033715
176.6439,41830.667068452596
178.8825,41405.43718552164
181.1206,40975.481034337376
183.3582,40552.920620941964
185.5954,40132.82754162278
187.832,39718.972987137975
190.0681,39297.027746917476
192.3037,38885.912213201475
194.5388,38472.596385259916
196.7734,38061.59987350364
199.0075,37647.791903617515
201.2411,37245.99132067044
203.4742,36839.016593253415
205.7068,36431.33581749754
207.9389,36029.91672114376
210.1704,35635.27666761968
212.4015,35226.58266005375
214.632,34837.80134522167
216.862,34451.249017633345
219.0915,34073.591623420645
221.3205,33685.294764203
223.549,33304.9237008639
225.777,32916.4933574339
228.0044,32527.668324894323
230.2314,32152.312865061598
232.4578,31771.990914475464
234.6837,31391.416088152553
236.909,31007.85168338962
239.1339,30612.910683569287
241.3582,30252.305761995653
243.582,29857.849285843753
245.8053,29505.25331976558
248.0281,29140.1796298346
250.2503,28777.93968707177
252.472,28403.89467109625
254.6932,28049.455473747817
256.9139,27689.682702827362
259.134,27333.93668564121
261.3536,26980.52747259885
263.5727,26626.46484077045
265.7912,26282.05829742091
268.0092,25935.517083550512
270.2267,25593.750177338952
272.4436,25249.516297610797
274.6601,24901.82390725307
276.8759,24573.381216657704
279.0913,24237.49618719836
281.3061,23899.57653451494
283.5204,23563.479731872387
285.7341,23233.863013539907
287.9473,22898.93337815191
290.16,22579.997592004212
292.3721,22262.862192403292
294.5837,21945.1834908557
296.7947,21627.617576239383
299.0052,21308.870317980516
301.2152,20995.597369229086
303.4246,20695.504170046443
305.6334,20380.545950537962
307.8418,20076.827733854014
310.0495,19769.9043393396
312.2568,19469.23038557144
314.4635,19164.460293427248
316.6696,18870.398289092445
318.8752,18565.848407107864
321.0802,18288.314493310376
323.2847,17995.30020787839
325.4887,17705.809028107215
327.692,17418.39425133919
329.8949,17136.408997858547
332.0972,16855.956213765632
334.2989,16571.53867379667
336.5001,16297.05898412838
338.7007,16025.069585222082
340.9008,15749.922754568513
343.1003,15488.020609407788
345.2992,15218.665109480782
347.4976,14949.358059648228
349.6955,14684.0011125842
351.8927,14426.245771469265
354.0895,14158.443392643981
356.2856,13909.04518818648
358.4812,13665.402228590487
360.6763,13410.415445259321
362.8707,13162.3856329423
365.0646,12918.46345228461
367.258,12677.949432307614
369.4508,12430.693972848043
371.643,12190.097346963186
373.8346,11959.359703403403
376.0257,11720.33106901808
378.2162,11492.761351063018
380.4062,11264.550339590736
382.5956,11038.497709726209
384.7844,10813.453023948889
386.9726,10591.265734353321
389.1603,10373.085184899515
391.3474,10125.110613634912
393.5339,9938.491154876108
395.7199,9733.375841688649
397.9052,9530.11360775317
400.09,9323.803289416574
402.2743,9116.893627724632
404.4579,8917.033270485132
406.641,8713.870774336952
408.8235,8519.154606748678
411.0054,8320.53314805025
413.1868,8123.104693380104
415.3675,7927.667454671384
417.5477,7740.719562626196
419.7273,7555.509068670013
421.9064,7366.733946821187
424.0848,7184.042095542951
426.2627,7004.4813396312165
428.4399,6826.199432041511
430.6166,6649.244055684518
432.7928,6478.212825208982
434.9683,6310.053288771211
437.1432,6147.112929745461
439.3176,5987.539168405456
441.4914,5820.429363553849
443.6645,5656.280814117934
445.8371,5500.040760820746
448.0091,5343.006387822541
450.1806,5190.47482428325
452.3514,5038.0431459327665
454.5216,4884.508376596277
456.6913,4737.167489718551
458.8603,4605.017409899294
461.0288,4462.605014366578
463.1967,4324.277134298296
465.3639,4181.180556246327
467.5306,4045.512023519783
469.6967,3918.518237616001
471.8622,3783.1458595772347
474.0271,3651.2915112605333
476.1914,3522.3517766915684
478.3551,3393.6732033831213
480.5182,3283.7523036244893
482.6807,3167.4855557682677
484.8426,3056.2694053295563
487.0039,2934.400266148652
489.1647,2817.574521503164
491.3248,2704.5385253267086
493.4843,2603.2386033771836
495.6432,2497.0710543671594
497.8015,2383.2321509768735
499.9592,2273.4681409158293
502.1163,2174.4252480612777
504.2728,2086.349673555793
506.4287,2001.7875967976797
508.5839,1911.735176321803
510.7386,1814.3385506451305
512.8927,1711.2938391673015
515.0461,1626.9971431445447
517.199,1546.6445467202357
519.3512,1462.482117767875
521.5029,1385.4559086945155
523.6539,1306.2119572824377
525.8043,1233.5962874594043
527.9541,1154.2549100910473
530.1033,1087.5338237071264
532.2519,1022.1790152948597
534.3999,946.9364609661716
536.5472,889.2521266112308
538.694,831.4219686508513
540.8401,765.5919346133887
542.9856,699.8579637130242
545.1305,633.2659875080353
547.2748,578.2119305581364
549.4185,529.6917110903669
551.5615,481.4454709945567
553.704,437.7580605402836
555.8458,393.6095203568693
557.987,354.025517870512
560.1276,306.12778834826895
562.2675,267.0345303422582
564.4069,235.76088418794825
566.5456,200.06932254580897
568.6837,170.66996282502805
570.8212,140.32092374225613
572.958,110.47861902120349
575.0942,87.54806057948008
577.2299,65.13315665328264
579.3648,50.336940873654385
581.4992,37.011796191342
583.6329,15.7096026909785
585.766,-8.01812929064181
587.8985,-33.42004635568446
590.0304,-70.54471500523505
592.1616,-85.14036787415534
594.2922,-96.30453285563271
596.4222,-116.58388729055878
598.5515,-131.02414643762313
600.6802,-135.46986088252015
602.8083,-142.21427227976528
604.9358,-147.49926894003875
607.0626,-162.6653184534589
609.1888,-174.10141489250964
611.3144,-180.04492730311904
613.4393,-182.48148545816366
615.5636,-184.79492048169777
617.6873,-186.0672405077421
619.8103,-186.62860756915325
621.9327,-187.40732488702633
624.0544,-176.8298312627303
626.1756,-180.02069329851656
628.2961,-177.45271106670407
630.4159,-178.54688623293623
632.5351,-179.42244771031983
634.6537,-177.296840728588
636.7716,-177.43571808727575
638.8889,-169.55296139048005
641.0056,-163.0606796595166
643.1216,-155.0692880816132
645.237,-147.9875728678453
647.3518,-130.17277108712005
649.4659,-118.3806414125138
651.5793,-107.01564209112985
653.6922,-101.98104874751152
655.8043,-93.42906791995483
657.9159,-80.86088735610247
660.0268,-71.77676144723227
662.137,-60.02613678435591
664.2466,-56.408459240679804
666.3556,-40.07317408906965
668.4639,-21.26972603827744
670.5716,1.452440603679861
672.6786,13.143881741598307
674.785,18.455153265749686
676.8907,39.636810935007816
678.9958,64.88941032371076
681.1002,77.31350660989847
683.204,83.05965432279481
685.3072,106.57840721852699
687.4097,136.07031822263525
689.5115,148.93593919493287
691.6127,171.57582063453447
693.7132,198.74051155125198
695.8131,198.13055923912907
697.9123,233.54650900488195
700.0109,256.08890417388466
702.1089,281.60828573605977
704.2061,308.4051921205246
706.3028,333.5801589403418
708.3987,363.0837187245488
710.4941,388.2164006664534
712.5887,414.9287303285164
714.6827,445.02122939111723
716.7761,474.29441538536776
718.8688,501.89880139216984
720.9608,525.9848957494833
723.0522,551.9532017763486
725.1429,587.0042175318813
727.233,618.9884355557442
729.3224,650.1563425176064
731.4112,686.0584188973298
733.4993,717.345138673285
735.5867,753.9169689632763
737.6735,789.5243697116894
739.7596,817.817793323753
741.845,861.7976843095166
743.9298,893.6144790008038
746.014,934.5186051115234
748.0974,963.3104814194521
750.1802,1001.9405173572013
752.2624,1043.0591127243315
754.3439,1081.6166573010414
756.4247,1116.963530436973
758.5048,1168.7001006656283
760.5843,1203.8267253509111
762.6631,1249.2437501697568
764.7413,1292.3015087608728
766.8188,1336.4503222705316
768.8956,1380.5404989220551
770.9718,1425.222333574282
773.0473,1473.996107280691
775.1221,1521.862086842557
777.1962,1566.5705243212215
779.2697,1611.671656559396
781.3426,1643.665704734136
783.4147,1708.7528739058253
785.4862,1761.9833526982184
787.557,1809.2573126475618
789.6271,1857.0249076703694
791.6966,1913.2862735905583
793.7654,1964.0415276618587
795.8335,2017.840768005146
797.901,2070.934073100907
799.9678,2122.0715012512155
802.0339,2179.053090048823
804.0993,2221.678855865808
806.1641,2289.2487932837175
808.2282,2350.012874667402
810.2916,2403.07104948919
812.3544,2465.5732437213373
814.4164,2522.8193593053875
816.4778,2578.509273527161
818.5385,2637.692838444338
820.5986,2699.5198803294916
822.658,2755.990199078289
824.7166,2819.7035675912703
826.7747,2882.259731209102
828.832,2946.308407075485
830.8886,3007.249283511519
832.9446,3074.3820193752254
834.9999,3143.35624345221
837.0545,3204.921553784254
839.1085,3270.2275169795976
841.1618,3336.723667597311
843.2143,3408.5095074942074
845.2662,3477.3345051598953
847.3175,3543.398094998949
849.368,3613.449676642631
851.4179,3684.8886142882475
853.467,3754.3642359986334
855.5155,3823.9258329877775
857.5633,3897.1226589260477
859.6105,3970.503929244551
861.6569,4041.3688204031787
863.7027,4111.516469156828
865.7478,4191.895971846723
867.7922,4262.206383698969
869.8359,4340.746718020724
871.8789,4410.265945497122
873.9212,4467.612993405826
875.9629,4573.636744921896
878.0039,4652.236038544281
880.0441,4732.859667035642
882.0837,4809.856376636293
884.1226,4882.174866257999
886.1609,4961.163786714009
888.1984,5030.721739995817
890.2352,5127.347278483365
892.2714,5179.038904249428
894.3069,5282.995068093303
896.3416,5351.064169023914
898.3757,5436.444553220295
900.4091,5381.684513350847
902.4418,5612.73228771954
904.4739,5659.536060813494
906.5052,5740.9439609925685
908.5358,5762.554060021248
910.5658,5804.1643722546505
912.595,5882.772854422401
914.6236,5724.827405212476
916.6515,6161.8758644851405
918.6786,5904.816014852418
920.7051,6125.895577307587
922.7309,6147.462213795792
924.756,6310.713525003259
926.7804,6282.297050141628
928.8041,5897.060265315391
930.8272,6354.950583806101
932.8495,6473.415359924758
934.8711,6249.851884432865
936.892,6032.407383357808
938.9123,6334.379020228436
940.9318,6102.213898249582
942.9506,6130.809057282298
944.9688,6340.761476165477
946.9862,5696.918072429966
949.003,6111.575700198984
951.019,5482.331156626606
953.0344,5722.431177751147
955.0491,5701.32244478762
957.063,6142.001581726749
959.0763,6271.16515554607
961.0888,5761.759671803135
963.1007,6365.081573343836
965.1119,6428.027245396523
967.1223,6070.693009538736
969.1321,6758.475123067787
971.1412,6105.769782574083
973.1495,5932.373117063318
975.1572,6376.231194483487
977.1641,6126.590023458899
979.1704,6188.3455488515465
981.1759,6335.743654257603
983.1808,5959.1801613897915
985.1849,6136.850828603427
987.1884,6480.45135466208
989.1911,7028.677376960812
991.1932,5840.17446809019
993.1945,6328.6881303540285
995.1951,6748.213807654407
997.1951,6077.746880606581
999.1943,5997.532662343707
1001.1928,5820.316405221522
1003.1906,6107.893301620446
1005.1877,5238.808485717753
1007.1841,5026.857030611798
1009.1798,5207.583957012888
1011.1748,5183.284235362771
1013.1691,5020.402784027385
1015.1627,3575.2844695398744
1017.1556,4024.3241082293753
1019.1477,4407.266480672202
1021.1392,3764.406327201432
1023.1299,2999.4383440774836
1025.12,3568.7571899167524
1027.1093,3203.1574933412194
1029.0979,3288.4838472854244
1031.0859,3309.3808126522854
1033.0731,2739.692917459921
1035.0596,3004.464656632699
1037.0454,2922.240497698047
1039.0304,2481.2648781387834
1041.0148,1889.4822062153544
1042.9985,2005.7868653755722
1044.9814,2411.3232201724895
1046.9636,1881.1356151012951
1048.9452,1886.3183705439733
1050.926,1807.3157880711587
1052.9061,1832.872150390329
1054.8855,1902.5317221358273
1056.8642,1662.038749613319
1058.8421,1707.0874601031464
1060.8194,1760.1720642652945
1062.7959,1710.4367556888828
1064.7717,1837.6257103612952
1066.7469,1687.2330871656086
1068.7213,1686.8530266086818
1070.695,1621.0796523250538
1072.6679,1272.2570710807704
1074.6402,1451.529373431098
1076.6117,1428.1406372087804
1078.5826,1436.2349257312671
1080.5527,1472.15628803461
1082.5221,1513.3987587925512
1084.4908,1785.456357957286
1086.4587,1937.5230903470074
1088.426,2096.192942925387
1090.3925,2038.8098832808464
1092.3584,2022.4678580399122
1094.3235,1632.110793441061
1096.2879,1532.0825954980828
1098.2515,1511.827153903716
1100.2145,1579.8383430298563
1102.1767,1525.5600221301647
1104.1382,1659.8360346599075
1106.099,1772.4102088187792
1108.0591,1977.8263562081338
1110.0185,1930.4282707052553
1111.9771,2175.1097264092095
1113.9351,1815.2644781147828
1115.8923,1404.8862588657066
1117.8488,1046.4187835530756
1119.8045,635.605753019161
1121.7596,545.6408576420799
1123.7139,467.11778144389245
1125.6675,464.2302029902785
1127.6204,662.271796175788
1129.5726,534.1862302526788
1131.524,651.2171678505329
1133.4748,756.4082662570581
1135.4248,746.3031762478277
1137.3741,814.3455410343668
1139.3226,766.028996365174
1141.2705,854.7971698452893
1143.2176,650.9436814194996
1145.164,724.562142484654
1147.1097,753.0461579282346
1149.0546,813.2393253921182
1150.9989,773.8352349877314
1152.9424,597.5774686941368
1154.8852,415.85960075208277
1156.8272,326.52519942658546
1158.7686,332.26782882407133
1160.7092,203.33104978570918
1162.6491,96.90841983006248
1164.5883,284.79349444238323
1166.5267,332.2298281388721
1168.4644,512.5609725877948
1170.4014,683.2304761351261
1172.3377,1060.2318820012442
1174.2732,1222.0087265742259
1176.2081,1426.6545356398565
1178.1421,1621.5628227638226
1180.0755,1749.277087245282
1182.0082,1729.5908121677785
1183.9401,1696.047463122166
1185.8713,1507.2404884033822
1187.8017,1257.313319345878
1189.7315,1107.3593722117366
1191.6605,715.0220506899423
1193.5888,498.9947473958964
1195.5163,438.9708477948152
1197.4432,333.49373236197425
1199.3693,203.20677718301158
1201.2947,132.70335500861984
1203.2193,83.0768365574695
1205.1432,139.5205912212332
1207.0664,154.42798756083357
1208.9889,221.19239274199208
1210.9106,254.60717238620418
1212.8316,306.36568990302476
1214.7519,433.16130615596194
1216.6715,396.6373789448917
1218.5903,356.68726173810137
1220.5084,340.0543040375269
1222.4257,355.63185177824926
1224.3424,178.6132474948463
1226.2583,267.2918301655809
1228.1735,399.21093698260665
1230.0879,404.71390246520605
1232.0016,546.2940571405488
1233.9146,565.4947274886435
1235.8269,495.45923452660645
1237.7384,433.58089361658494
1239.6492,181.55301516617328
1241.5592,134.96890524715855
1243.4686,25.521868115800316
1245.3772,-34.34479332129558
1247.285,-88.58777641276538
1249.1922,-178.8134354027643
1251.0986,-177.27723954361863
1253.0042,-207.03287174141587
1254.9092,-89.28224390264222
1256.8134,27.174800324559328
1258.7169,232.8393092216793
1260.6196,357.81233079846425
1262.5216,619.6949107363325
1264.4229,757.9380911385451
1266.3234,897.0429079114401
1268.2232,964.6103893820109
1270.1223,1009.7415549068319
1272.0207,981.4874141964101
1273.9183,948.5489668638329
1275.8151,907.0272027073006
1277.7113,832.6231020395353
1279.6067,640.5376361029921
1281.5014,493.9717678139277
1283.3953,415.82645368325757
1285.2885,331.70264528217376
1287.181,265.3012900236354
1289.0727,370.47333200358116
1290.9637,339.56971266498294
1292.854,578.741369746087
1294.7435,758.2892375894953
1296.6323,997.6142447504244
1298.5204,1255.667312201229
1300.4077,1576.8993509381107
1302.2943,1773.4612594006176
1304.1802,1971.3539202593165
1306.0653,1838.1781984502013
1307.9497,1779.784939195728
1309.8333,1763.074969336587
1311.7162,1771.5490979156166
1313.5984,1955.9081163449664
1315.4798,2036.6027983212552
1317.3605,2254.333897982062
1319.2405,2449.452149098928
1321.1197,2558.458262900087
1322.9982,2489.252926119254
1324.876,2562.336799905577
1326.753,2544.1605205157175
1328.6293,2644.4746985829916
1330.5048,2798.9299192990875
1332.3796,2757.3767414109825
1334.2537,2785.815695676378
1336.127,2756.3972852791994
1337.9996,2717.121985545229
1339.8714,2655.2402442362836
1341.7426,2601.6524819429687
1343.6129,2656.9090927034813
1345.4826,2567.660444539535
1347.3515,2575.356878903731
1349.2196,2570.6987115720767
1351.087,2606.7862325669994
1352.9537,2695.7197062039704
1354.8197,2879.249370730613
1356.6849,3088.0254374373835
1358.5493,3162.248088822278
1360.4131,3175.117476503019
1362.276,3119.7837204748794
1364.1383,2963.946908981965
1365.9998,2712.2570990705717
1367.8606,2425.5643181475316
1369.7206,2261.9185664970937
1371.5799,2102.5698201479026
1373.4384,1983.1180325094138
1375.2962,1889.0631359653926
1377.1533,1623.655043068422
1379.0096,1308.843647480462
1380.8652,1078.6288266269476
1382.7201,851.2104448448808
1384.5742,622.0383556849738
1386.4275,495.5124041858435
1388.2802,383.68242916572854
1390.132,257.1482644877651
1391.9832,288.20974017827757
1393.8336,174.11668369208928
1395.6832,151.0689196019557
1397.5322,90.46627073948548
1399.3803,78.1085584256034
1401.2278,9.845603076588304
1403.0745,-12.87277567233832
1404.9204,-62.79675828440668
1406.7656,16.673603376162646
1408.6101,-42.161115215243626
1410.4538,-47.600338749984076
1412.2968,7.706929270108958
1414.139,-16.18783912943036
1415.9805,73.51682799987975
1417.8213,136.2725643230333
1419.6613,265.2810027698324
1421.5006,491.6937749073877
1423.3391,786.1625096499993
1425.1769,1125.788830995025
1427.0139,1681.924355078234
1428.8502,2309.920686777503
1430.6858,2886.8794141514954
1432.5206,3268.6521021596636
1434.3547,3584.390286892689
1436.188,3671.595471754761
1438.0206,3698.219124306168
1439.8524,3547.6126753912577
1441.6835,3516.8275188721964
1443.5139,3393.2150131350463
1445.3435,3277.02648139761
1447.1724,3317.31321294553
1449.0005,3289.7264642942137
1450.8279,3189.0674587859103
1452.6545,3197.9873868656287
1454.4804,3307.3374070877107
1456.3056,3284.41864602665
1458.13,3232.132197183564
1459.9536,3098.1291212154065
1461.7766,2727.760446457796
1463.5987,2323.5271702651007
1465.4202,2006.9302627140714
1467.2409,1646.3206706462188
1469.0608,1423.2993208337466
1470.88,1163.6171235856818
1472.6984,1034.7749749780523
1474.5161,776.0237594507271
1476.3331,712.8143510958434
1478.1493,578.9476162453102
1479.9648,563.2244141029078
1481.7795,497.84559808294944
1483.5935,481.1120159675156
1485.4067,481.9745105602524
1487.2192,467.88391985367707
1489.031,436.7910770205963
1490.842,416.3968105549684
1492.6522,455.6019445828715
1494.4618,418.1072990664434
1496.2705,446.3636894118099
1498.0785,449.9219268440356
1499.8858,445.3328181245379
1501.6924,442.8471655155481
1503.4981,504.5657668259628
1505.3032,478.5894154362395
1507.1075,511.16889968117175
1508.911,534.9050031096449
1510.7138,507.8485041588792
1512.5159,408.8501759170322
1514.3172,397.31078639378757
1516.1178,339.4810995103471
1517.9176,406.411875214817
1519.7166,323.55387006052115
1521.515,341.85783653665567
1523.3126,389.17452389690516
1525.1094,339.2546779764052
1526.9055,367.84904071852
1528.7008,303.00835067411026
1530.4954,233.13334271554777
1532.2893,314.5247486851331
1534.0824,208.4832980938554
1535.8747,301.70971730746896
1537.6663,258.25473060691365
1539.4572,217.16905925604078
1541.2473,253.35342193616452
1543.0367,242.25853515690687
1544.8253,201.63511289438247
1546.6132,274.0838667021271
1548.4003,234.20550611732688
1550.1867,254.95073793636038
1551.9723,278.92026661355703
1553.7572,365.01479405376085
1555.5414,381.8350193726037
1557.3247,402.08163803559
1559.1074,441.80534168989107
1560.8893,473.406817961888
1562.6705,548.8367500599234
1564.4509,652.595816458288
1566.2305,706.8846901428951
1568.0094,903.2540375737153
1569.7876,1004.3045181418638
1571.565,1093.33678220593
1573.3417,1157.451470081458
1575.1176,1179.599211150642
1576.8928,1205.4306232211857
1578.6672,1136.846312304795
1580.4409,1023.9468723588907
1582.2138,850.732885972433
1583.986,742.6049254949176
1585.7575,686.2135547685393
1587.5282,590.4093302094443
1589.2981,636.4428013716788
1591.0673,543.9645119051856
1592.8358,542.1249990955148
1594.6035,561.0247947885618
1596.3704,501.5644254089857
1598.1366,510.9444117711937
1599.9021,581.4152696739475
1601.6668,576.5775098065969
1603.4308,600.1316370443456
1605.194,724.4281504966311
1606.9564,815.3675432715645
1608.7182,940.2503012329944
1610.4791,1090.4769020910899
1612.2394,1183.1978141535146
1613.9988,1403.4634948231796
1615.7576,1641.0243896710235
1617.5156,1897.6809302333677
1619.2728,2188.433531636292
1621.0293,2365.0325900291027
1622.785,2419.678479676768
1624.54,2379.67155119394
1626.2942,2281.8121309984926
1628.0477,2001.700521711613
1629.8005,1773.3370031363447
1631.5525,1575.3218350587522
1633.3037,1360.9552595315363
1635.0542,1222.5375028541966
1636.804,1092.8187777166895
1638.553,981.9492845836285
1640.3013,956.6792129914429
1642.0488,915.1087426570703
1643.7955,910.8880437306943
1645.5416,943.3672772114041
1647.2868,992.5965949894307
1649.0313,1063.576139521334
1650.7751,1212.8060433377032
1652.5181,1402.886428333375
1654.2604,1607.0674042751343
1656.0019,1940.7490669009203
1657.7427,2348.7814958780073
1659.4828,2728.664751466171
1661.222,3006.8488704373813
1662.9606,3067.6838622769683
1664.6984,2955.0697064017804
1666.4354,2696.156351551839
1668.1717,2241.393716916482
1669.9072,1771.7316947234794
1671.642,1464.0201547866818
1673.3761,1207.258949202631
1675.1094,980.3979154276749
1676.8419,806.2868788455744
1678.5737,658.5256550361337
1680.3048,586.6140515163061
1682.0351,473.7018692177953
1683.7646,426.588903206175
1685.4934,399.6249438100058
1687.2215,373.25977709196377
1688.9488,334.5431851184949
1690.6754,223.97494622343947
1692.4012,285.35483539522465
1694.1263,255.38262538253184
1695.8506,246.45808608051448
1697.5742,231.28098483050417
1699.297,253.55108650927286
1701.0191,185.51815368079406
1702.7404,153.23194637354754
1704.461,72.44222276083019
1706.1808,72.89873948362583
1707.8999,71.95125245850431
1709.6182,74.29951687304856
1711.3358,95.19328719535406
1713.0527,46.08231715051079
1714.7688,58.21635951168355
1716.4841,-4.804833408761624
1718.1987,78.41849011936574
1719.9126,22.636129826560136
1721.6257,40.64788465912534
1723.338,75.40355333702246
1725.0496,1.3529341737339564
1726.7605,31.495824728708612
1728.4706,-9.167977452127161
1730.18,-44.53867513779733
1731.8886,-2.6163795092415967
1733.5964,-20.55075680603477
1735.3036,-6.391447130125016
1737.0099,22.06211471858478
1738.7156,38.71055779072594
1740.4204,-15.945489083680513
1742.1246,12.444602538291292
1743.8279,10.531620394996935
1745.5306,20.366352100350923
1747.2325,42.4995851629501
1748.9336,24.332106887741247
1750.634,-17.88529584531352
1752.3336,68.09816360043988
1754.0325,49.933450535751035
1755.7307,59.92152959039231
1757.4281,109.41336489481728
1759.1247,111.80991998027457
1760.8206,103.11215728388561
1762.5158,140.72103812467685
1764.2102,103.68752279056571
1765.9039,87.91257016225973
1767.5968,113.8971380835992
1769.289,103.34218351930758
1770.9804,118.148662295147
1772.6711,140.26752920345461
1774.361,159.6997378550859
1776.0502,154.04624045823584
1777.7386,157.75798762409067
1779.4263,136.43592842336875
1781.1132,202.68101034921347
1782.7994,185.34417953037882
1784.4849,167.67638006881134
1786.1696,174.07855421300337
1787.8535,213.80164253468502
1789.5367,187.4465838648157
1791.2192,257.1643148963449
1792.9009,219.45577044775564
1794.5818,208.87188276589222
1796.2621,219.51358190304381
1797.9415,220.53179582279154
1799.6202,229.47745029358157
1801.2982,258.45146887854025
1802.9755,291.9547728460366
1804.6519,296.4382808799255
1806.3277,235.75290874452548
1808.0027,198.24956923977334
1809.6769,275.4791728080945
1811.3504,255.09262790942557
1813.0231,246.54084024891927
1814.6951,254.5247129807958
1816.3664,296.54514679387285
1818.0369,310.4530398317256
1819.7067,332.9992872724779
1821.3757,329.5347811897227
1823.044,346.56041032707253
1824.7115,308.0270601327975
1826.3783,338.98561258957125
1828.0443,326.8369465998094
1829.7096,341.13193767607845
1831.3741,370.0214580625925
1833.0379,379.90637659225285
1834.701,365.8875583977406
1836.3633,355.51586481268714
1838.0248,358.2421535118465
1839.6856,367.71727861483305
1841.3457,412.5920906588435
1843.005,415.8674365038987
1844.6636,432.69415888410913
1846.3214,422.7730963749218
1847.9785,467.4550832248369
1849.6349,460.24094945464276
1851.2904,486.3815204105704
1852.9453,470.32761683645003
1854.5994,438.0300546123035
1856.2528,532.9896449148782
1857.9054,526.7071945406315
1859.5572,525.6335049561276
1861.2083,540.0693723608638
1862.8587,546.5155876980098
1864.5084,551.772936510044
1866.1572,520.9421988742888
1867.8054,502.8741493503421
1869.4528,536.019557288384
1871.0994,545.5291870098554
1872.7453,572.8537974760129
1874.3905,558.9941421928215
1876.0349,538.000968937702
1877.6786,575.7750198981448
1879.3215,607.8170318816356
1880.9637,603.8277359379044
1882.6051,605.9578570385202
1884.2458,621.3081141167731
1885.8858,578.4792200463871
1887.525,593.1218814880067
1889.1634,596.436799317491
1890.8011,593.7246684794882
1892.4381,610.0361779542927
1894.0743,597.9220107849505
1895.7098,620.0328439141576
1897.3446,630.3193483053965
1898.9786,620.9821887218313
1900.6118,677.3720236234367
1902.2443,604.289505260369
1903.8761,604.8852791090667
1905.5071,582.6599846030786
1907.1374,557.5642551271085
1908.7669,572.0987182392691
1910.3957,619.663995922032
1912.0237,532.360704436891
1913.651,568.7894538487017
1915.2776,567.4008488987238
1916.9034,537.6454886403317
1918.5285,510.72396645289155
1920.1528,494.2368703393149
1921.7764,526.8347831952797
1923.3992,523.4682829740959
1925.0213,466.9379423607388
1926.6427,447.2443288054965
1928.2633,465.7880050892909
1929.8832,486.76952952060856
1931.5023,456.5394557500513
1933.1207,469.0983325605339
1934.7383,490.29670416957924
1936.3552,458.2351101037384
1937.9714,449.7140849865864
1939.5868,442.9341588593652
1941.2015,432.44585726617333
1942.8154,414.3997013217795
1944.4286,403.24620781649537
1946.041,384.7358893966357
1947.6528,390.6692546760696
1949.2637,372.74680842131056
1950.8739,363.96905149218946
1952.4834,369.1864810210809
1954.0921,387.89959050066136
1955.7001,372.9088697317602
1957.3074,386.66480463621156
1958.9139,347.91787740676045
1960.5197,352.4685663695145
1962.1247,358.9673463714025
1963.729,303.3146887346811
1965.3325,306.9610611919343
1966.9353,332.1069284426103
1968.5374,306.6527521165499
1970.1387,303.8989905225335
1971.7393,284.79609890281245
1973.3392,302.1945294606612
1974.9383,300.3447315513986
1976.5366,257.4471515083969
1978.1342,256.15223266159046
1979.7311,277.51041576644275
1981.3273,275.4721390169034
1982.9227,267.13783783182043
1984.5173,244.35794487532257
1986.1112,230.28289014016264
1987.7044,255.0631011755122
1989.2968,254.84900322772592
1990.8885,239.64101899253
1992.4795,243.13956861715997
1994.0697,219.59506985245207
1995.6592,243.15793801785185
1997.2479,219.62858623685497
1998.8359,241.55742520138665
2000.4232,231.89486340709664
2002.0097,222.54130693407024
2003.5955,198.59715954344938
2005.1805,231.71282277096907
2006.7648,205.13869616639204
2008.3484,218.62517696236682
2009.9312,262.22266034014683
2011.5133,229.2315392947421
2013.0946,212.25220419893412
2014.6752,199.33504313319827
2016.2551,214.38044205548977
2017.8342,241.13878493041375
2019.4126,211.21045357877847
2020.9902,213.94582740999795
2022.5672,202.0952837213954
2024.1433,202.35919767083396
2025.7188,204.2379423952334
2027.2935,186.18188900792484
2028.8674,171.59140657986427
2030.4406,180.01686232019347
2032.0131,161.65862172214838
2033.5849,168.81704847879882
2035.1559,196.8925046666336
2036.7261,211.3853506739797
2038.2957,181.64594492023753
2039.8645,189.52464371096175
2041.4325,239.12180153524787
2042.9998,213.53777098694627
2044.5664,214.22290226869154
2046.1323,202.27754344774985
2047.6974,198.85204044915736
2049.2617,205.9967371751809
2050.8254,227.7119755395761
2052.3883,242.49809539613307
2053.9504,219.4054343215248
2055.5118,248.7343274674513
2057.0725,208.4851077915573
2058.6325,203.15810576415242
2060.1917,196.50364977068966
2061.7502,223.32206616505027
2063.3079,200.01367933609072
2064.8649,188.82881143944724
2066.4212,224.4177826306277
2067.9767,190.13091117685326
2069.5315,170.1185131011698
2071.0856,175.630902525314
2072.6389,170.3183918698469
2074.1915,154.03129179901953
2075.7433,117.11991127391411
2077.2945,120.83455771528406
2078.8448,146.4255373727019
2080.3945,111.34315528738443
2081.9434,143.98771503630633
2083.4916,135.5595190830063
2085.039,127.75886845114292
2086.5857,133.18606280879249
2088.1317,152.4414005464405
2089.677,130.77517872271983
2091.2215,130.43769287184932
2092.7652,134.67923722030355
2094.3083,131.30010469018544
2095.8506,150.40058685680924
2097.3921,162.73097398249683
2098.933,173.19155482556016
2100.4731,174.18261651701505
2102.0124,191.05444445596368
2103.5511,185.907322299694
2105.089,178.69153179494515
2106.6261,176.55735282938804
2108.1626,191.15506350377927
2109.6983,174.7849401533149
2111.2332,190.7472572016386
2112.7675,204.14228732454922
2114.301,190.97030129038103
2115.8337,193.13156782604528
2117.3657,195.5763537487628
2118.897,194.8549239444401
2120.4276,191.91754134322582
2121.9575,183.9644669267227
2123.4866,187.7459597573661
2125.0149,187.31227705794936
2126.5426,177.91367417381662
2128.0695,190.00040457719297
2129.5956,186.87271996116579
2131.1211,202.98087011882217
2132.6458,209.92510297452645
2134.1698,206.80566442283452
2135.693,187.82279825905607
2137.2155,211.32674621044316
2138.7373,213.3677481260229
2140.2584,203.09604174155265
2141.7787,203.21186265912365
2143.2983,193.61544444986794
2144.8171,173.40701865280334
2146.3353,182.5368148707921
2147.8527,174.70506097263024
2149.3693,194.3119830017513
2150.8853,212.55780525454338
2152.4005,177.54275008427248
2153.9149,183.8670377186345
2155.4287,158.13088660989615
2156.9417,194.38451337166134
2158.454,165.17813303622734
2159.9655,198.4619586920453
2161.4764,199.1862017757885
2162.9865,185.95107173951692
2164.4958,197.15677604343182
2166.0045,187.90352028822326
2167.5124,181.34150810302162
2169.0195,183.87094123792667
2170.526,209.89201962961852
2172.0317,210.05494137607639
2173.5367,216.35990247636073
2175.0409,191.1070968289905
2176.5445,231.04671616888572
2178.0473,202.92895031990247
2179.5494,195.15398679543068
2181.0507,185.52201107957808
2182.5513,181.13320670491612
2184.0512,190.38775534879915
2185.5504,189.43583687725095
2187.0488,164.27762925242405
2188.5465,161.11330854211155
2190.0435,154.7430491713394
2191.5397,165.2670239540048
2193.0353,161.08540415657353
2194.5301,145.4983593928455
2196.0241,147.206057665775
2197.5175,176.608665523333
2199.0101,148.15634804143065
2200.502,144.39926852989902
2201.9931,112.18758881700705
2203.4835,125.27146928703223
2204.9733,114.95106920237777
2206.4622,148.82654657273997
2207.9505,116.49805825830481
2209.438,117.21575963099895
2210.9248,112.92980489776801
2212.4109,112.24034709340322
2213.8962,113.79753812340186
2215.3809,133.80152877086311
2216.8648,119.3024686809058
2218.3479,111.10050616063654
2219.8304,95.49578832413863
2221.3121,87.53846117449211
2222.7931,103.67866975981815
2224.2733,112.76655825285889
2225.7529,114.85226978956871
2227.2317,98.18594637824026
2228.7098,109.46772887865154
2230.1872,91.29775716872427
2231.6638,86.47617003170217
2233.1397,81.20310533785869
2234.6149,76.37870009269773
2236.0894,90.20309048970194
2237.5632,114.5764119585674
2239.0362,81.24879902696284
2240.5085,77.72038507679736
2241.9801,60.79130267749588
2243.4509,81.16168362128155
2244.921,78.131659092468
2246.3904,68.35135946375067
2247.8591,56.87091432651414
2249.3271,64.84045258863353
2250.7943,48.260102589278176
2252.2608,76.9299920192143
2253.7266,64.6502480866111
2255.1917,56.17099723033607
2256.656,76.29236524275984
2258.1197,53.664477354541305
2259.5826,66.3374580334239
2261.0447,65.86143121050372
2262.5062,63.6865201535029
2263.9669,75.86284747153513
2265.4269,92.29053513685358
2266.8862,85.81970436308984
2268.3448,79.55047544097215
2269.8026,106.78296780303572
2271.2598,66.2173000863113
2272.7162,67.30358986000374
2274.1719,53.94195403114736
2275.6268,84.88250883374712
2277.0811,89.57536996238832
2278.5346,80.92065226283466
2279.9874,99.91846968509617
2281.4395,102.76893536998159
2282.8908,89.32216145911207
2284.3414,106.12825906642229
2285.7914,90.7873384126242
2287.2406,93.74950865715073
2288.689,104.91487805156066
2290.1368,116.08355390992165
2291.5838,122.15564249715317
2293.0302,106.98124891734369
2294.4758,75.86047705302371
2295.9206,59.19342971691913
2297.3648,88.88020896315174
2298.8082,88.97091625391295
2300.251,101.9156521625955
2301.693,94.8145163728841
2303.1343,119.11760754930947
2304.5748,93.92502340825922
2306.0147,93.38686047495048
2307.4538,85.75321433534555
2308.8922,100.32417964153956
2310.3299,103.69985018809712
2311.7669,95.93031876634177
2313.2031,70.96567713060085
2314.6387,76.00601607590306
2316.0735,76.50142568762294
2317.5076,100.60199529108195
2318.941,100.1078134465888
2320.3737,92.41896770843505
2321.8056,85.93554462983138
2323.2369,95.7576298398053
2324.6674,75.63530810802513
2326.0972,91.61866324658604
2327.5263,85.40777831123341
2328.9547,88.05273544151987
2330.3823,87.25361592292757
2331.8092,86.96050016041227
2333.2355,85.87346768639418
2334.661,89.6925971636947
2336.0858,101.91796639640143
2337.5098,98.84965229167847
2338.9332,101.43773073750799
2340.3558,102.13227663337784
2341.7778,96.63336386440005
2343.199,93.39106529436685
2344.6195,108.70545282073999
2346.0393,104.92659740707222
2347.4583,114.25456892986222
2348.8767,116.78943621634517
2350.2943,103.03126695120773
2351.7113,107.83012765124568
2353.1275,111.28608380293554
2354.543,107.84919981446092
2355.9578,117.21953898115225
2357.3718,103.49716351985171
2358.7852,78.83213447520575
2360.1978,86.02451185689915
2361.6098,93.87435488629217
2363.021,87.53172192450256
2364.4315,94.89667039390952
2365.8413,94.36925684157814
2367.2504,105.24953686560457
2368.6587,84.78756512039308
2370.0664,78.58339520785648
2371.4733,94.13707988203714
2372.8795,75.94867111113763
2374.285,72.31821992199275
2375.6899,61.79577658195467
2377.0939,64.83139063519866
2378.4973,57.97511100794418
2379.9,59.3769859781014
2381.3019,49.03706324383438
2382.7032,57.55538990954028
2384.1037,59.1320125892571
2385.5035,44.41697732146531
2386.9027,54.16032955332594
2388.3011,40.362114287826444
2389.6987,52.422375986358475
2391.0957,55.99115870669493
2392.492,45.51850598238025
2393.8876,44.70446078705345
2395.2824,26.499065639166474
2396.6765,39.15236261013433
2398.07,25.414393506372562
2399.4627,39.43519974277751
2400.8547,48.16482248010061
2402.246,31.70330248474329
2403.6366,13.850680041453415
2405.0265,29.45699511795192
2406.4156,18.3222875434426
2407.8041,20.3465968525702
2409.1918,20.529962396755764
2410.5789,21.72242332395399
2411.9652,29.7740185768248
2413.3508,33.43478688080404
2414.7358,43.45476666358854
2416.12,14.433996018529342
2417.5035,12.872512604430085
2418.8863,12.270353935756248
2420.2684,6.12755739825343
2421.6497,4.844160254961025
2423.0304,1.3201997076444059
2424.4104,0.1557129096299832
2425.7896,3.8507370010438535
2427.1682,7.005307566439569
2428.546,5.119460151863223
2429.9232,4.493230233310896
2431.2996,11.526653235582671
2432.6753,24.719764538552226
2434.0503,9.222599406828522
2435.4246,3.8851928578255865
2436.7982,-0.44242018326758625
2438.1711,-1.3602048301099785
2439.5433,1.481878223415606
2440.9148,0.5338818718682887
2442.2856,5.795858994992614
2443.6557,5.867862467192026
2445.025,13.949945104910967
2446.3937,10.942159665917643
2447.7617,17.144558768482966
2449.1289,9.207194921458722
2450.4955,18.83012046225076
2451.8613,24.06338763619715
2453.2265,28.05704850033635
2454.5909,18.661154871075723
2455.9546,36.225758284252606
2457.3177,34.500910089094305
2458.68,17.986661272570018
2460.0416,57.683062476641226
2461.4025,48.74016416340373
2462.7627,22.75801621812525
2464.1222,31.436668038672906
2465.4811,42.3261687953368
2466.8392,36.92656734404136
2468.1966,40.58791211745074
2469.5533,34.91025117896788
2470.9093,52.093632186114974
2472.2645,60.388102447316214
2473.6191,61.04370875006134
2474.973,63.7104972779598
2476.3262,59.53851360418548
2477.6787,56.627802664809224
2479.0305,53.52840880051508
2480.3816,42.69037578571215
2481.7319,55.01374685952487
2483.0816,43.99856483417716
2484.4306,69.69487197175567
2485.7789,35.4027100943631
2487.1264,45.7221203271547
2488.4733,36.80314344125918
2489.8195,29.395819750583087
2491.165,36.050189201006106
2492.5097,37.86629144444896
2493.8538,36.84416577233105
2495.1972,35.03385109741157
2496.5398,22.88538596401031
2497.8818,19.998808566107982
2499.2231,26.224156868836417
2500.5637,28.761468637338567
2501.9035,32.01078137451623
2503.2427,34.82213229566014
2504.5812,25.945558295954015
2505.919,23.331095922362238
2507.256,46.928781462395364
2508.5924,29.538650970257095
2509.9281,36.01074003086205
2511.2631,27.895083933740352
2512.5974,18.491717608313138
2513.9309,32.10067570505316
2515.2638,21.2719926895179
2516.596,47.855702706256125
2517.9275,27.051839687099346
2519.2583,35.71043708532352
2520.5884,27.831528083688227
2521.9178,38.21514550785287
2523.2465,40.56132190516291
2524.5745,28.92008944081499
2525.9018,32.041479874394554
2527.2284,25.275524676285386
2528.5543,25.12225499645956
2529.8796,14.481701732133388
2531.2041,31.953895529303736
2532.5279,44.23886688915263
2533.851,46.63664599332242
2535.1735,56.2972625810703
2536.4952,54.520745925286064
2537.8163,47.457124735888556
2539.1366,31.156427177590558
2540.4562,43.91868094053552
2541.7752,42.04391340330403
2543.0935,35.73215150528995
2544.411,54.73342176544929
2545.7279,63.24775034541926
2547.0441,76.52516285950423
2548.3596,57.06568428953233
2549.6744,71.66933885208118
2550.9885,76.23615019307272
2552.3019,65.86614124173593
2553.6146,64.40933416493908
2554.9266,71.01575047088818
2556.2379,75.88541102369845
2557.5485,76.56833597732839
2558.8585,75.21454472688401
2560.1677,82.47405590179369
2561.4762,81.14688737933466
2562.7841,83.233056212046
2564.0913,83.23257864099878
2565.3977,81.34547007492938
2566.7035,75.3717450902518
2568.0086,100.56141744992783
2569.313,109.16450016320232
2570.6167,103.73100523370567
2571.9197,104.16094357342536
2573.222,120.10432505704193
2574.5236,102.91115851762243
2575.8246,103.08145158719526
2577.1248,93.46521086867824
2578.4244,119.36244193417406
2579.7232,122.17314942113399
2581.0214,123.34733677338863
2582.3189,134.58500621303665
2583.6157,141.63615872870514
2584.9118,131.3007939631716
2586.2072,151.32891014285542
2587.5019,147.7205041811676
2588.7959,156.9755714782318
2590.0893,144.89410595696654
2591.3819,150.87609997053687
2592.6739,138.17154442316587
2593.9652,158.93042871031776
2595.2557,151.40274084574185
2596.5456,152.3384672538832
2597.8348,150.53759284516036
2599.1234,151.25010100660893
2600.4112,158.9259736198901
2601.6983,172.76519105416492
2602.9848,166.46773208933564
2604.2705,160.23357377765433
2605.5556,170.21269150669423
2606.84,160.75505906169792
2608.1237,158.41064852578074
2609.4067,165.32943037451014
2610.689,153.5113734993488
2611.9707,161.1564451384652
2613.2516,151.96461099491535
2614.5319,147.78583516019262
2615.8115,144.57008020614603
2617.0903,144.76730722676803
2618.3685,153.42747587034728
2619.6461,147.90054433750265
2620.9229,152.2864692945791
2622.199,151.33520592891455
2623.4745,149.39670790498485
2624.7493,137.07092737391395
2626.0234,150.55781499286059
2627.2968,163.90732004827623
2628.5695,149.61939032103373
2629.8415,144.79397195293586
2631.1128,159.43100958958985
2632.3835,148.2804464286678
2633.6535,148.24222407352954
2634.9228,153.9162826447332
2636.1914,158.00256078041434
2637.4593,158.55099557954782
2638.7265,134.86152256108426
2639.9931,146.48407565846583
2641.259,151.9685874565198
2642.5242,133.76498907523455
2643.7887,148.6732101149155
2645.0525,149.14317883821536
2646.3156,129.77482202105853
2647.5781,142.11806494793723
2648.8398,140.4228316055969
2650.1009,131.93904455960592
2651.3613,132.96662497130364
2652.6211,133.95549268263926
2653.8801,141.65556620589814
2655.1385,152.11676271381089
2656.3961,134.63899796255282
2657.6531,129.32218618713046
2658.9094,139.01624027616435
2660.1651,158.7210718250535
2661.42,146.13659103903387
2662.6743,142.16270653613356
2663.9279,150.39932547301578
2665.1808,148.49635358471755
2666.433,155.25369510228393
2667.6846,144.1712527717964
2668.9354,159.1489277868004
2670.1856,168.98661989913012
2671.4351,186.634227269132
2672.6839,176.5916463672877
2673.9321,168.45877179773697
2675.1795,165.08549639870307
2676.4263,168.22171132382323
2677.6724,170.41730607588192
2678.9179,178.22216847544632
2680.1626,178.38618463891225
2681.4067,175.05923890045415
2682.6501,182.54121381038726
2683.8928,169.83199016843378
2685.1348,179.48144694890675
2686.3761,176.08946142779814
2687.6168,166.2559090862876
2688.8568,161.2306636446608
2690.0961,149.0135971606453
2691.3348,164.55458007966263
2692.5727,158.10348135699837
2693.81,163.61016830239214
2695.0466,151.17450664455032
2696.2826,153.4463604760781
2697.5178,154.2255923778357
2698.7524,166.21206339622108
2699.9863,167.35563303537856
2701.2195,160.10615913733363
2702.452,160.11349787055656
2703.6839,170.42750380245616
2704.9151,156.998029899308
2706.1456,162.22492742311283
2707.3755,175.2080460658915
2708.6046,184.8472338974168
2709.8331,190.74233723538168
2711.0609,198.6432005490085
2712.2881,198.39966640009743
2713.5145,212.7615753640173
2714.7403,230.6287660321409
2715.9654,226.25107486822662
2717.1899,230.27833602974488
2718.4136,248.51038141165668
2719.6367,254.34704060614058
2720.8591,265.03814072027126
2722.0809,278.28350631765306
2723.3019,271.33295931150974
2724.5223,280.9363188322295
2725.7421,277.09340129687234
2726.9611,298.95402031313483
2728.1795,288.8179867177796
2729.3972,283.43510835803045
2730.6142,266.7551901929312
2731.8306,260.47803434717525
2733.0462,244.90344027790502
2734.2612,215.8812048374823
2735.4756,203.36112242923605
2736.6892,189.54298529768403
2737.9022,177.27658365373304
2739.1145,147.81170581286187
2740.3262,140.79813831778392
2741.5372,126.73566623309671
2742.7475,112.62407321541764
2743.9571,106.21314165400872
2745.1661,100.202652811892
2746.3744,104.1423868899592
2747.582,85.58212308707698
2748.7889,68.42163956068862
2749.9952,57.160713612417794
2751.2008,55.199121859672914
2752.4057,48.13664034825547
2753.61,52.92304457197679
2754.8136,50.80810954328285
2756.0165,45.99160974538904
2757.2188,35.42331915343061
2758.4204,30.453011282629404
2759.6213,53.280459293973536
2760.8215,43.155436043924055
2762.0211,31.777713856138234
2763.22,32.99706462271956
2764.4182,29.0132599179949
2765.6158,19.12607098632202
2766.8127,14.135268781926925
2768.009,21.040624067774388
2769.2045,6.391907465479335
2770.3994,6.638889386249275
2771.5936,-0.0686598226247952
2772.7872,-7.680969880239672
2773.9801,-16.44826981978167
2775.1723,-12.520711941547006
2776.3639,-21.698284227617478
2777.5548,-11.880849578162724
2778.745,-8.018054127493997
2779.9346,-14.459425320236278
2781.1235,-13.704410500654149
2782.3117,-11.702312563354553
2783.4992,-7.902297495884113
2784.6861,-26.30341437968673
2785.8723,-4.05463335225636
2787.0579,-4.5046617799773685
2788.2428,7.047833476552796
2789.427,8.654230558306608
2790.6106,12.715907535779479
2791.7935,27.434242392924716
2792.9757,23.21061298653808
2794.1573,28.796396899072306
2795.3382,50.59297148087671
2796.5184,72.45171379433555
2797.698,71.8240003959047
2798.8769,85.71120711752383
2800.0551,90.26470907289308
2801.2327,99.88588051860097
2802.4096,123.52609480859041
2803.5859,146.43672429794333
2804.7615,161.56914010648165
2805.9364,198.17471188966147
2807.1106,212.8548076872455
2808.2842,236.6607935572515
2809.4572,270.04403342914793
2810.6294,310.80588886579903
2811.801,351.6477187296282
2812.972,383.8708787750006
2814.1423,422.82672123980524
2815.3119,475.41659452322324
2816.4808,507.99184279616634
2817.6491,543.3538054753815
2818.8167,615.6538168976958
2819.9837,649.7932059664008
2821.15,702.923295428249
2822.3157,734.3954015320633
2823.4807,770.2108334974316
2824.645,825.9208931999906
2825.8086,863.1768748132693
2826.9716,888.6300642515866
2828.134,918.7317387974963
2829.2957,972.18316684725
2830.4567,996.5856076097848
2831.617,1010.6403105722061
2832.7767,1023.9485152557659
2833.9358,1017.0114510753122
2835.0941,1003.3303372062096
2836.2519,1000.9563826537074
2837.4089,981.6907863897525
2838.5653,979.1847373767298
2839.7211,970.2894147601164
2840.8761,977.3059878935435
2842.0306,1006.9356164277474
2843.1843,1028.6294502404073
2844.3374,1097.5386291398454
2845.4899,1145.4142826480909
2846.6417,1214.157529311786
2847.7928,1282.7694762234319
2848.9433,1364.8512183339553
2850.0931,1466.353837766588
2851.2422,1522.6784029960504
2852.3907,1602.4259678335256
2853.5385,1664.0975708634132
2854.6857,1716.3442346458542
2855.8323,1777.2169651000142
2856.9781,1805.2667509816188
2858.1233,1865.0945632742223
2859.2679,1906.001354908715
2860.4118,1958.1380601650403
2861.555,1979.1555942631285
2862.6976,2007.0048528415302
2863.8395,2025.5867117472403
2864.9808,2058.6520267572055
2866.1214,2073.0516333925066
2867.2614,2100.6363465877034
2868.4007,2108.7569605468416
2869.5393,2101.5642484676027
2870.6773,2112.3589624601
2871.8146,2137.1918336188037
2872.9513,2138.263571914597
2874.0874,2117.6248659464427
2875.2227,2111.9263829306697
2876.3574,2097.96876890736
2877.4915,2065.102648797332
2878.6249,2043.1286265417166
2879.7577,2018.947285430617
2880.8898,2006.4091883228534
2882.0212,1980.7148778877727
2883.152,1974.51487673063
2884.2821,1961.4596876495314
2885.4116,1931.9997936974355
2886.5405,1945.7856583127038
2887.6686,1968.3177256137014
2888.7962,1979.1464202609359
2889.923,1964.2221472317397
2891.0493,1975.5952917119807
2892.1748,1981.866219245307
2893.2997,1996.9352756194126
2894.424,2023.202786803331
2895.5476,2034.5690587967429
2896.6706,2055.0343773673026
2897.7929,2072.6490079369723
2898.9145,2110.313195377373
2900.0355,2140.6271638336366
2901.1559,2158.991116347762
2902.2756,2202.055234555478
2903.3946,2220.6696785026043
2904.513,2260.834586214408
2905.6308,2293.700073509459
2906.7479,2315.016233597984
2907.8643,2336.333136753209
2908.9801,2362.4508300981997
2910.0953,2363.0693373926897
2911.2098,2348.338658771904
2912.3236,2355.608770740376
2913.4368,2323.6796263192527
2914.5494,2330.951154973596
2915.6613,2288.6732629316707
2916.7725,2271.2458331122307
2917.8831,2239.3187255473003
2918.9931,2208.2417775564445
2920.1024,2189.9648040660404
2921.211,2171.337597920051
2922.319,2146.8599300627893
2923.4264,2144.2315497251934
2924.5331,2123.802184669602
2925.6391,2110.2715412160405
2926.7445,2117.23930444651
2927.8493,2103.3051383402985
2928.9534,2104.618685704303
2930.0569,2084.8795683123694
2931.1597,2068.787386892156
2932.2619,2067.191721322527
2933.3634,2070.2421307944714
2934.4643,2062.938153827064
2935.5645,2037.729308236957
2936.6641,2014.8150912114234
2937.763,1956.1449795604422
2938.8613,1924.6684299458425
2939.959,1876.6848794680054
2941.056,1799.5437459806271
2942.1523,1711.2944285705548
2943.248,1621.5863083291986
2944.3431,1529.9187492350263
2945.4375,1436.3410990506416
2946.5313,1350.5526902394602
2947.6244,1234.7028409014893
2948.7169,1140.3408556312088
2949.8087,1059.4160266760703
2950.8999,971.9776348801179
2951.9904,892.6249504932355
2953.0803,817.607234045531
2954.1696,767.8737371408633
2955.2582,708.1237032070198
2956.3462,658.4063679930505
2957.4335,615.22096016677
2958.5202,592.7667018119307
2959.6062,570.292808860074
2960.6916,556.3984913150766
2961.7764,548.6329534778872
2962.8605,524.6953940854705
2963.9439,510.635006388462
2965.0267,505.95097839054324
2966.1089,499.392492989047
2967.1905,506.8587280217962
2968.2714,504.0988563326898
2969.3516,502.2620456970394
2970.4312,508.74745884916956
2971.5102,507.65425350078385
2972.5885,509.5815822761126
2973.6662,506.9785927228429
2974.7432,517.1444272928472
2975.8196,511.42822336821155
2976.8954,497.8291131595781
2977.9705,501.8962237633086
2979.045,498.1286772974729
2980.1188,491.97559086117894
2981.192,452.4360765722487
2982.2645,452.70924162874906
2983.3364,436.29418870438644
2984.4077,394.14001594577553
2985.4783,374.9458171365901
2986.5483,354.51068211910354
2987.6177,319.9836969861319
2988.6864,290.813944285385
2989.7545,260.65050336473587
2990.8219,233.39245066391823
2991.8887,197.13886001616106
2992.9548,171.38880292076942
2994.0204,153.84134890565952
2995.0852,128.04556578486063
2996.1495,107.20051983398776
2997.2131,87.25527604820184
2998.276,69.70889835065827
2999.3383,51.51044979196047
3000.4,38.208992725623034
3001.4611,30.053588990057165
3002.5215,19.94330004158394
3003.5812,11.627187035989095
3004.6404,1.3043109296257853
3005.6989,0.27373256257635603
3006.7567,-5.115487238120181
3007.8139,-9.914287648160894
3008.8705,-8.923556739526703
3009.9264,-13.144083540465772
3010.9818,-13.376567932895455
3012.0364,-10.171578489338003
3013.0905,-15.779550150402429
3014.1439,-6.450816242628889
3015.1966,-0.7855524548523363
3016.2487,2.866129967746815
3017.3002,3.3541276276563394
3018.3511,9.378337098703128
3019.4013,13.338654921173088
3020.4509,16.434977541569197
3021.4998,20.017201273007572
3022.5481,25.885222264255162
3023.5958,33.1389364639067
3024.6428,34.278239561705504
3025.6892,42.953026916005
3026.735,44.66319354237635
3027.7802,54.808634026861114
3028.8247,59.089242508868665
3029.8685,64.20491257972242
3030.9118,78.65553723985431
3031.9544,85.64100884764696
3032.9963,91.86121897492853
3034.0376,92.56605833711637
3035.0783,104.90541673101518
3036.1184,113.12918302776984
3037.1578,121.78724504947138
3038.1966,135.02948948691972
3039.2348,130.8058018130423
3040.2723,139.2660661504725
3041.3092,137.31016531378577
3042.3455,135.2379807248974
3043.3811,135.54939243262083
3044.4161,136.99427913339002
3045.4505,136.5725181681454
3046.4842,135.93398550788493
3047.5173,122.92855575788155
3048.5498,136.00610216406892
3049.5816,126.01649674309499
3050.6128,118.00961015154678
3051.6434,121.88531178584674
3052.6734,115.7934698623211
3053.7027,124.13395137844361
3054.7314,117.45662217375389
3055.7594,112.71134684645244
3056.7868,109.29798882017394
3057.8136,106.91641039143974
3058.8398,111.26647276379174
3059.8653,104.04803607160784
3060.8902,107.46095933660195
3061.9145,102.25510054000756
3062.9381,97.43031658844927
3063.9612,100.88646336600084
3064.9835,99.42339578243343
3066.0053,96.3409677386536
3067.0264,89.18903214133422
3068.0469,75.76744093373895
3069.0668,77.02604516724125
3070.086,74.61469513554005
3071.1046,74.23324036207396
3072.1226,69.63152962413517
3073.1399,62.50941095668372
3074.1567,56.61673169836433
3075.1727,43.90333856272787
3076.1882,46.86907769715799
3077.203,37.863794810005516
3078.2173,29.987335140930213
3079.2308,30.78954355095476
3080.2438,32.47026460122822
3081.2561,20.679342545004943
3082.2678,16.56662131083641
3083.2789,17.581944620481067
3084.2893,7.425156030031303
3085.2991,7.346098919760948
3086.3083,4.1446165956918435
3087.3169,8.820552290385649
3088.3248,-4.126250805041877
3089.3321,4.754050412319486
3090.3388,-0.9386597333747773
3091.3449,1.2455030344907527
3092.3503,0.4564323697418331
3093.3551,-1.6559780862504567
3094.3593,1.3581607481252718
3095.3629,3.948754497701259
3096.3658,-4.084291226271262
3097.3681,-2.941070852028645
3098.3698,-2.1716380057379183
3099.3708,-4.076016932268885
3100.3713,-8.454210181827762
3101.3711,4.143820414788138
3102.3702,-2.7818025156591375
3103.3688,2.469043612154792
3104.3667,2.346509173761035
3105.364,6.050744520000649
3106.3607,-4.668100021750206
3107.3568,6.140125815377473
3108.3522,0.07561893257150132
3109.347,3.288576169619091
3110.3412,2.3291936108736877
3111.3348,4.697667307803613
3112.3277,5.994193288585393
3113.32,2.2689675344191755
3114.3117,12.572185966563495
3115.3028,13.504044483587336
3116.2932,16.264738858337694
3117.2831,15.304464728621383
3118.2723,13.123417569598246
3119.2608,20.12179270338322
3120.2488,21.699785320857472
3121.2361,21.45759041168435
3122.2229,22.4954027485295
3123.209,23.913416889482733
3124.1944,23.96182716767987
3125.1793,23.34082767712306
3126.1635,23.50061227219595
3127.1471,28.341374573874077
3128.1301,28.013307968126753
3129.1125,31.516605557509877
3130.0942,37.90146016444612
3131.0753,32.668064296192824
3132.0558,40.766610080992564
3133.0357,39.7472893204079
3134.015,35.860293408335224
3134.9936,34.805813341198245
3135.9716,34.83403975681813
3136.949,42.595162944957906
3137.9258,46.089372847040636
3138.902,44.41685897853796
3139.8775,48.577810394027665
3140.8524,40.172415703919285
3141.8267,45.80086303284452
3142.8004,47.513340103711016
3143.7735,49.51003418141795
3144.7459,50.59113205573124
3145.7178,57.90682002131672
3146.689,52.80728386692894
3147.6596,56.792708802254424
3148.6295,53.66327950890701
3149.5989,55.46918010057354
3150.5676,57.460594154308154
3151.5357,64.18770469247332
3152.5032,66.45069416282553
3153.4701,57.44974437124446
3154.4364,58.93503645910306
3155.402,65.90675099327689
3156.367,63.715067951291076
3157.3315,62.910166651603475
3158.2952,67.29222577552125
3159.2584,66.06142337525006
3160.221,69.81793683007334
3161.1829,68.61194285866026
3162.1442,67.69361748150084
3163.105,68.76313603296575
3164.065,72.72067317048976
3165.0245,73.41640286387633
3165.9834,72.30049835572228
3166.9416,77.57313215446072
3167.8993,78.78447604551943
3168.8563,88.18470103859525
3169.8127,75.42397735554027
3170.7684,80.85247433635979
3171.7236,82.97036056681944
3172.6782,82.12780382416014
3173.6321,91.62497105591936
3174.5854,84.36202838835672
3175.5381,85.48914103148229
3176.4902,87.95647335168587
3177.4417,94.86418886046596
3178.3926,93.4624501897564
3179.3428,97.8014190228493
3180.2924,89.73125610841231
3181.2415,96.60212121709912
3182.1899,97.91417322225061
3183.1377,96.06757003118662
3184.0848,100.51246857208525
3185.0314,97.84902481244893
3185.9773,103.27739371465549
3186.9227,102.59772926259245
3187.8674,108.31018440737355
3188.8115,108.36491107413516
3189.755,109.61206010491199
3190.6979,107.20178125808962
3191.6402,110.2842231959332
3192.5818,113.00953350869007
3193.5229,113.77785868376537
3194.4633,111.88934407846908
3195.4031,114.24413391233253
3196.3423,121.74237128599376
3197.2809,116.48419815764953
3198.2189,120.86975526807294
3199.1563,122.79918219319512
3200.0931,119.22261730024967
3201.0292,125.54019772847832
3201.9648,123.35205942489682
3202.8997,130.90833708111893
3203.834,125.30916415523781
3204.7677,127.45467279626335
3205.7008,130.79499390011375
3206.6333,128.73025708816056
3207.5652,132.31059067382546
3208.4964,136.03612168322763
3209.4271,133.30697581938034
3210.3571,137.0232774249356
3211.2865,138.9851495094759
3212.2154,141.1927137123509
3213.1436,141.89609028305887
3214.0712,145.29539805917102
3214.9982,145.59075445929767
3215.9246,141.48227544909525
3216.8503,146.92007553831263
3217.7755,150.1042678218761
3218.7001,149.98496392551107
3219.624,152.76227397390028
3220.5473,154.336306591877
3221.4701,153.8071688766516
3222.3922,158.57496638207152
3223.3137,158.7398031239125
3224.2346,158.1517815322007
3225.1549,156.41100244956414
3226.0746,162.71756513711318
3226.9937,162.32156729184808
3227.9121,163.77310498359353
3228.83,165.42227265895843
3229.7473,165.4691631268208
3230.6639,167.36386754183584
3231.5799,165.75647540396722
3232.4954,168.7970745395398
3233.4102,169.48575111731392
3234.3244,170.72258961807898
3235.238,176.35767282776695
3236.151,178.9910818250839
3237.0634,180.82289592515923
3237.9752,181.4031926532114
3238.8864,179.78204772623008
3239.797,177.75953504717293
3240.7069,180.93572672117722
3241.6163,179.81069307578466
3242.5251,185.28450262917983
3243.4332,185.70722210144032
3244.3408,189.37891635979872
3245.2477,192.94964841441544
3246.154,188.46947938166156
3247.0598,190.23846844841196
3247.9649,193.65667291684653
3248.8694,192.52414818676053
3249.7733,198.04094772138248
3250.6766,197.30712305869935
3251.5793,200.6227237562887
3252.4814,201.83779739865673
3253.3829,201.15238956408245
3254.2838,204.61654381246694
3255.1841,204.2803016921872
3256.0838,198.9437027054549
3256.9829,206.95678431167863
3257.8814,207.56958198082992
3258.7792,208.28212911331246
3259.6765,207.49445703383412
3260.5731,207.50659498428138
3261.4692,209.81857013159615
3262.3647,204.68040756765444
3263.2595,209.19213028614647
3264.1538,214.40375923395837
3265.0474,210.36531326605495
3265.9404,210.17680909336346
3266.8329,207.83826132315778
3267.7247,211.09968246094382
3268.616,211.81108293384477
3269.5066,208.77247105798705
3270.3966,206.98385303138616
3271.286,204.0452329643329
